
1334838626 18
1334838627 32
1334838628 45
1334838629 48
1334838630 53
1334838631 69
1334838632 88
1334838633 97
1334838634 120
1334838635 128
1334838636 122
1334838637 118
1334838638 106
1334838639 126
1334838640 125
1334838641 138
1334838642 141
1334838643 119
1334838644 125
1334838645 125
1334838646 90
1334838647 65
1334838648 70
1334838649 85
1334838650 80
1334838651 80
1334838652 88
1334838653 47
1334838654 11
1334838655 7
1334838656 6
1334838657 3
1334838658 78
1334838659 63
1334838660 81
1334838661 78
1334838662 81
1334838663 85