
1334838626 4
1334838627 6
1334838628 9
1334838629 10
1334838630 11
1334838631 14
1334838632 17
1334838633 19
1334838634 26
1334838635 24
1334838636 25
1334838637 23
1334838638 22
1334838639 25
1334838640 26
1334838641 27
1334838642 28
1334838643 25
1334838644 24
1334838645 25
1334838646 20
1334838647 12
1334838648 14
1334838649 17
1334838650 16
1334838651 16
1334838652 18
1334838653 9
1334838654 3
1334838655 2
1334838656 1
1334838657 1
1334838658 16
1334838659 14
1334838660 16
1334838661 16
1334838662 17
1334838663 18