
1334838626 8
1334838626 13
1334838626 11
1334838626 10
1334838626 15
1334838626 5
1334838626 5
1334838626 9
1334838626 10
1334838626 9
1334838626 13
1334838626 6
1334838626 16
1334838626 8
1334838626 17
1334838626 23
1334838627 5
1334838627 11
1334838627 25
1334838627 21
1334838627 21
1334838627 12
1334838627 17
1334838627 9
1334838627 12
1334838627 5
1334838627 13
1334838627 27
1334838627 17
1334838627 22
1334838627 5
1334838627 9
1334838627 22
1334838627 15
1334838627 18
1334838627 5
1334838627 9
1334838627 16
1334838627 10
1334838627 11
1334838627 5
1334838627 11
1334838627 17
1334838627 12
1334838627 15
1334838627 4
1334838627 10
1334838627 18
1334838627 10
1334838627 11
1334838628 4
1334838628 8
1334838628 17
1334838628 12
1334838628 13
1334838628 5
1334838628 3
1334838628 11
1334838628 3
1334838628 7
1334838628 5
1334838628 6
1334838628 13
1334838628 3
1334838628 7
1334838628 5
1334838628 8
1334838628 15
1334838628 3
1334838628 7
1334838628 4
1334838628 6
1334838628 12
1334838628 3
1334838628 7
1334838628 5
1334838628 3
1334838628 15
1334838628 7
1334838628 13
1334838628 4
1334838628 7
1334838628 12
1334838628 4
1334838628 7
1334838628 4
1334838628 12
1334838628 27
1334838628 20
1334838628 18
1334838628 4
1334838628 4
1334838628 12
1334838628 4
1334838628 6
1334838629 8
1334838629 14
1334838629 20
1334838629 9
1334838629 10
1334838629 5
1334838629 7
1334838629 13
1334838629 3
1334838629 13
1334838629 4
1334838629 9
1334838629 18
1334838629 10
1334838629 12
1334838629 4
1334838629 7
1334838629 25
1334838629 13
1334838629 14
1334838629 4
1334838629 4
1334838629 9
1334838629 3
1334838629 6
1334838629 6
1334838629 8
1334838629 12
1334838629 4
1334838629 10
1334838629 7
1334838629 8
1334838629 16
1334838629 6
1334838629 6
1334838629 3
1334838629 6
1334838629 17
1334838629 9
1334838629 10
1334838629 4
1334838629 4
1334838629 7
1334838629 15
1334838629 3
1334838629 6
1334838630 9
1334838630 10
1334838630 15
1334838630 3
1334838630 5
1334838630 3
1334838630 4
1334838630 21
1334838630 17
1334838630 10
1334838630 4
1334838630 6
1334838630 15
1334838630 10
1334838630 10
1334838630 4
1334838630 7
1334838630 13
1334838630 5
1334838630 14
1334838630 4
1334838630 7
1334838630 20
1334838630 13
1334838630 13
1334838630 5
1334838630 9
1334838630 15
1334838630 3
1334838630 5
1334838630 5
1334838630 6
1334838630 15
1334838630 3
1334838630 5
1334838630 5
1334838630 7
1334838630 11
1334838630 3
1334838630 6
1334838630 3
1334838630 3
1334838630 14
1334838630 6
1334838630 11
1334838630 7
1334838630 14
1334838630 8
1334838630 6
1334838630 4
1334838630 4
1334838630 9
1334838630 3
1334838630 6
1334838631 14
1334838631 21
1334838631 21
1334838631 8
1334838631 10
1334838631 5
1334838631 10
1334838631 27
1334838631 18
1334838631 17
1334838631 4
1334838631 7
1334838631 14
1334838631 9
1334838631 13
1334838631 3
1334838631 5
1334838631 10
1334838631 3
1334838631 5
1334838631 3
1334838631 3
1334838631 13
1334838631 3
1334838631 5
1334838631 3
1334838631 4
1334838631 16
1334838631 13
1334838631 16
1334838631 11
1334838631 18
1334838631 26
1334838631 13
1334838631 15
1334838631 3
1334838631 4
1334838631 22
1334838631 12
1334838631 14
1334838631 4
1334838631 6
1334838631 22
1334838631 15
1334838631 11
1334838631 16
1334838631 22
1334838631 24
1334838631 16
1334838631 16
1334838631 4
1334838631 7
1334838631 16
1334838631 9
1334838631 13
1334838631 17
1334838631 13
1334838631 20
1334838631 8
1334838631 9
1334838631 6
1334838631 14
1334838631 34
1334838631 27
1334838631 16
1334838631 5
1334838631 18
1334838631 18
1334838631 13
1334838631 16
1334838632 5
1334838632 13
1334838632 9
1334838632 4
1334838632 7
1334838632 4
1334838632 16
1334838632 11
1334838632 7
1334838632 10
1334838632 5
1334838632 6
1334838632 9
1334838632 3
1334838632 5
1334838632 3
1334838632 4
1334838632 13
1334838632 5
1334838632 7
1334838632 10
1334838632 10
1334838632 9
1334838632 10
1334838632 8
1334838632 9
1334838632 12
1334838632 35
1334838632 22
1334838632 13
1334838632 3
1334838632 4
1334838632 12
1334838632 4
1334838632 4
1334838632 4
1334838632 6
1334838632 16
1334838632 8
1334838632 13
1334838632 6
1334838632 6
1334838632 13
1334838632 3
1334838632 5
1334838632 7
1334838632 6
1334838632 14
1334838632 6
1334838632 5
1334838632 3
1334838632 21
1334838632 39
1334838632 35
1334838632 11
1334838632 16
1334838632 12
1334838632 18
1334838632 10
1334838632 12
1334838632 4
1334838632 7
1334838632 20
1334838632 12
1334838632 4
1334838632 3
1334838632 10
1334838632 27
1334838632 23
1334838632 25
1334838632 3
1334838632 4
1334838632 15
1334838632 7
1334838632 8
1334838632 3
1334838632 8
1334838632 11
1334838632 23
1334838632 19
1334838632 20
1334838632 5
1334838632 17
1334838632 22
1334838632 15
1334838632 13
1334838633 3
1334838633 10
1334838633 19
1334838633 18
1334838633 19
1334838633 6
1334838633 4
1334838633 8
1334838633 3
1334838633 4
1334838633 4
1334838633 6
1334838633 21
1334838633 14
1334838633 11
1334838633 9
1334838633 9
1334838633 19
1334838633 11
1334838633 16
1334838633 5
1334838633 14
1334838633 26
1334838633 17
1334838633 21
1334838633 12
1334838633 12
1334838633 25
1334838633 9
1334838633 10
1334838633 3
1334838633 10
1334838633 14
1334838633 10
1334838633 16
1334838633 3
1334838633 4
1334838633 20
1334838633 16
1334838633 16
1334838633 7
1334838633 7
1334838633 25
1334838633 13
1334838633 6
1334838633 7
1334838633 13
1334838633 17
1334838633 5
1334838633 7
1334838633 3
1334838633 5
1334838633 10
1334838633 4
1334838633 4
1334838633 3
1334838633 3
1334838633 14
1334838633 7
1334838633 5
1334838633 13
1334838633 18
1334838633 28
1334838633 12
1334838633 12
1334838633 3
1334838633 9
1334838633 26
1334838633 23
1334838633 18
1334838633 4
1334838633 9
1334838633 18
1334838633 9
1334838633 9
1334838633 4
1334838633 10
1334838633 21
1334838633 13
1334838633 10
1334838633 3
1334838633 4
1334838633 17
1334838633 13
1334838633 14
1334838633 13
1334838633 15
1334838633 25
1334838633 9
1334838633 8
1334838633 15
1334838633 20
1334838633 5
1334838633 6
1334838633 10
1334838633 6
1334838633 16
1334838633 3
1334838633 4
1334838634 4
1334838634 6
1334838634 16
1334838634 30
1334838634 32
1334838634 2
1334838634 3
1334838634 14
1334838634 12
1334838634 12
1334838634 20
1334838634 24
1334838634 37
1334838634 17
1334838634 13
1334838634 3
1334838634 3
1334838634 8
1334838634 2
1334838634 4
1334838634 10
1334838634 13
1334838634 17
1334838634 7
1334838634 8
1334838634 5
1334838634 4
1334838634 5
1334838634 5
1334838634 5
1334838634 4
1334838634 7
1334838634 20
1334838634 9
1334838634 8
1334838634 3
1334838634 3
1334838634 9
1334838634 4
1334838634 4
1334838634 3
1334838634 3
1334838634 12
1334838634 8
1334838634 4
1334838634 10
1334838634 21
1334838634 21
1334838634 13
1334838634 15
1334838634 7
1334838634 14
1334838634 28
1334838634 13
1334838634 10
1334838634 7
1334838634 17
1334838634 29
1334838634 18
1334838634 21
1334838634 4
1334838634 7
1334838634 13
1334838634 5
1334838634 5
1334838634 12
1334838634 8
1334838634 19
1334838634 4
1334838634 9
1334838634 3
1334838634 6
1334838634 11
1334838634 3
1334838634 4
1334838634 14
1334838634 27
1334838634 41
1334838634 23
1334838634 24
1334838634 3
1334838634 6
1334838634 7
1334838634 4
1334838634 4
1334838634 7
1334838634 8
1334838634 20
1334838634 15
1334838634 17
1334838634 4
1334838634 7
1334838634 23
1334838634 17
1334838634 16
1334838634 4
1334838634 7
1334838634 14
1334838634 7
1334838634 4
1334838634 3
1334838634 7
1334838634 17
1334838634 11
1334838634 12
1334838634 3
1334838634 6
1334838634 14
1334838634 2
1334838634 4
1334838634 31
1334838634 37
1334838634 46
1334838634 14
1334838634 15
1334838634 3
1334838634 7
1334838634 12
1334838634 6
1334838634 5
1334838635 14
1334838635 14
1334838635 30
1334838635 10
1334838635 10
1334838635 7
1334838635 13
1334838635 7
1334838635 4
1334838635 15
1334838635 3
1334838635 6
1334838635 6
1334838635 6
1334838635 26
1334838635 18
1334838635 15
1334838635 5
1334838635 6
1334838635 20
1334838635 13
1334838635 17
1334838635 28
1334838635 41
1334838635 59
1334838635 35
1334838635 32
1334838635 10
1334838635 13
1334838635 18
1334838635 10
1334838635 10
1334838635 18
1334838635 22
1334838635 40
1334838635 21
1334838635 5
1334838635 5
1334838635 12
1334838635 25
1334838635 20
1334838635 22
1334838635 18
1334838635 30
1334838635 28
1334838635 20
1334838635 19
1334838635 21
1334838635 27
1334838635 41
1334838635 16
1334838635 16
1334838635 5
1334838635 12
1334838635 3
1334838635 11
1334838635 17
1334838635 7
1334838635 14
1334838635 22
1334838635 21
1334838635 30
1334838635 11
1334838635 4
1334838635 15
1334838635 21
1334838635 39
1334838635 23
1334838635 9
1334838635 22
1334838635 29
1334838635 32
1334838635 13
1334838635 16
1334838635 7
1334838635 12
1334838635 39
1334838635 24
1334838635 19
1334838635 4
1334838635 6
1334838635 23
1334838635 15
1334838635 17
1334838635 17
1334838635 23
1334838635 24
1334838635 12
1334838635 10
1334838635 3
1334838635 6
1334838635 11
1334838635 7
1334838635 8
1334838635 8
1334838635 8
1334838635 15
1334838635 11
1334838635 9
1334838635 13
1334838635 25
1334838635 33
1334838635 19
1334838635 20
1334838635 19
1334838635 18
1334838635 22
1334838635 10
1334838635 9
1334838635 4
1334838635 12
1334838635 19
1334838635 13
1334838635 12
1334838635 3
1334838635 5
1334838635 16
1334838635 9
1334838635 3
1334838636 20
1334838636 33
1334838636 3
1334838636 17
1334838636 17
1334838636 10
1334838636 12
1334838636 20
1334838636 28
1334838636 31
1334838636 11
1334838636 11
1334838636 7
1334838636 11
1334838636 27
1334838636 20
1334838636 20
1334838636 4
1334838636 13
1334838636 26
1334838636 20
1334838636 22
1334838636 31
1334838636 22
1334838636 24
1334838636 10
1334838636 16
1334838636 35
1334838636 27
1334838636 29
1334838636 4
1334838636 19
1334838636 38
1334838636 21
1334838636 20
1334838636 2
1334838636 5
1334838636 25
1334838636 24
1334838636 24
1334838636 9
1334838636 25
1334838636 40
1334838636 29
1334838636 25
1334838636 5
1334838636 12
1334838636 16
1334838636 7
1334838636 10
1334838636 17
1334838636 17
1334838636 29
1334838636 9
1334838636 6
1334838636 4
1334838636 17
1334838636 30
1334838636 23
1334838636 25
1334838636 13
1334838636 17
1334838636 26
1334838636 14
1334838636 6
1334838636 13
1334838636 15
1334838636 45
1334838636 33
1334838636 13
1334838636 6
1334838636 8
1334838636 19
1334838636 38
1334838636 2
1334838636 6
1334838636 15
1334838636 40
1334838636 32
1334838636 32
1334838636 16
1334838636 24
1334838636 36
1334838636 21
1334838636 22
1334838636 7
1334838636 15
1334838636 29
1334838636 28
1334838636 29
1334838636 11
1334838636 15
1334838636 23
1334838636 15
1334838636 15
1334838636 30
1334838636 22
1334838636 18
1334838636 4
1334838636 13
1334838636 26
1334838636 18
1334838636 18
1334838636 12
1334838636 22
1334838636 35
1334838636 28
1334838636 31
1334838636 6
1334838636 11
1334838636 27
1334838636 19
1334838636 9
1334838636 12
1334838636 13
1334838636 29
1334838636 9
1334838636 8
1334838636 15
1334838636 25
1334838636 39
1334838636 22
1334838636 22
1334838636 7
1334838636 11
1334838636 23
1334838636 15
1334838636 15
1334838637 42
1334838637 22
1334838637 23
1334838637 23
1334838637 21
1334838637 16
1334838637 4
1334838637 11
1334838637 27
1334838637 41
1334838637 38
1334838637 26
1334838637 26
1334838637 10
1334838637 22
1334838637 24
1334838637 17
1334838637 16
1334838637 7
1334838637 15
1334838637 23
1334838637 12
1334838637 6
1334838637 9
1334838637 19
1334838637 33
1334838637 21
1334838637 4
1334838637 12
1334838637 13
1334838637 24
1334838637 10
1334838637 5
1334838637 9
1334838637 15
1334838637 36
1334838637 24
1334838637 19
1334838637 6
1334838637 11
1334838637 32
1334838637 24
1334838637 19
1334838637 2
1334838637 7
1334838637 21
1334838637 18
1334838637 20
1334838637 5
1334838637 17
1334838637 32
1334838637 24
1334838637 26
1334838637 23
1334838637 31
1334838637 46
1334838637 21
1334838637 21
1334838637 3
1334838637 7
1334838637 21
1334838637 13
1334838637 16
1334838637 28
1334838637 33
1334838637 51
1334838637 23
1334838637 11
1334838637 16
1334838637 20
1334838637 40
1334838637 17
1334838637 6
1334838637 6
1334838637 8
1334838637 13
1334838637 5
1334838637 11
1334838637 8
1334838637 16
1334838637 31
1334838637 23
1334838637 23
1334838637 15
1334838637 11
1334838637 42
1334838637 20
1334838637 21
1334838637 17
1334838637 33
1334838637 44
1334838637 24
1334838637 24
1334838637 14
1334838637 18
1334838637 33
1334838637 21
1334838637 19
1334838637 3
1334838637 10
1334838637 29
1334838637 26
1334838637 41
1334838637 19
1334838637 17
1334838637 36
1334838637 12
1334838637 13
1334838637 10
1334838637 22
1334838637 43
1334838637 36
1334838637 31
1334838637 17
1334838637 19
1334838637 49
1334838637 29
1334838637 4
1334838638 6
1334838638 13
1334838638 23
1334838638 14
1334838638 10
1334838638 3
1334838638 4
1334838638 16
1334838638 14
1334838638 11
1334838638 21
1334838638 22
1334838638 32
1334838638 8
1334838638 9
1334838638 18
1334838638 27
1334838638 27
1334838638 3
1334838638 5
1334838638 15
1334838638 17
1334838638 16
1334838638 8
1334838638 11
1334838638 2
1334838638 3
1334838638 13
1334838638 8
1334838638 10
1334838638 11
1334838638 11
1334838638 20
1334838638 7
1334838638 8
1334838638 4
1334838638 13
1334838638 26
1334838638 23
1334838638 22
1334838638 2
1334838638 6
1334838638 25
1334838638 21
1334838638 8
1334838638 3
1334838638 4
1334838638 18
1334838638 13
1334838638 14
1334838638 4
1334838638 5
1334838638 15
1334838638 5
1334838638 8
1334838638 5
1334838638 12
1334838638 20
1334838638 14
1334838638 16
1334838638 18
1334838638 16
1334838638 14
1334838638 2
1334838638 4
1334838638 4
1334838638 6
1334838638 10
1334838638 2
1334838638 4
1334838638 3
1334838638 3
1334838638 12
1334838638 5
1334838638 6
1334838638 34
1334838638 28
1334838638 16
1334838638 19
1334838638 24
1334838638 14
1334838638 6
1334838638 6
1334838638 7
1334838638 10
1334838638 23
1334838638 15
1334838638 17
1334838638 4
1334838638 4
1334838638 19
1334838638 12
1334838638 10
1334838638 23
1334838638 24
1334838638 35
1334838638 22
1334838638 16
1334838638 5
1334838638 15
1334838638 28
1334838638 20
1334838638 22
1334838638 2
1334838638 3
1334838638 14
1334838638 10
1334838638 5
1334838639 3
1334838639 8
1334838639 21
1334838639 15
1334838639 16
1334838639 6
1334838639 7
1334838639 17
1334838639 9
1334838639 9
1334838639 8
1334838639 16
1334838639 34
1334838639 22
1334838639 16
1334838639 3
1334838639 11
1334838639 22
1334838639 16
1334838639 18
1334838639 3
1334838639 3
1334838639 20
1334838639 16
1334838639 15
1334838639 5
1334838639 10
1334838639 20
1334838639 12
1334838639 11
1334838639 20
1334838639 21
1334838639 18
1334838639 9
1334838639 15
1334838639 24
1334838639 20
1334838639 39
1334838639 15
1334838639 15
1334838639 19
1334838639 30
1334838639 45
1334838639 25
1334838639 20
1334838639 3
1334838639 5
1334838639 6
1334838639 9
1334838639 13
1334838639 5
1334838639 5
1334838639 5
1334838639 13
1334838639 6
1334838639 9
1334838639 11
1334838639 19
1334838639 23
1334838639 42
1334838639 19
1334838639 20
1334838639 12
1334838639 18
1334838639 19
1334838639 8
1334838639 12
1334838639 7
1334838639 5
1334838639 16
1334838639 10
1334838639 9
1334838639 9
1334838639 5
1334838639 3
1334838639 3
1334838639 18
1334838639 10
1334838639 10
1334838639 2
1334838639 3
1334838639 13
1334838639 10
1334838639 8
1334838639 4
1334838639 3
1334838639 14
1334838639 11
1334838639 9
1334838639 5
1334838639 3
1334838639 10
1334838639 4
1334838639 7
1334838639 11
1334838639 15
1334838639 24
1334838639 16
1334838639 17
1334838639 16
1334838639 23
1334838639 22
1334838639 8
1334838639 10
1334838639 21
1334838639 7
1334838639 31
1334838639 9
1334838639 10
1334838639 19
1334838639 17
1334838639 27
1334838639 7
1334838639 6
1334838639 3
1334838639 8
1334838639 45
1334838639 5
1334838639 4
1334838639 4
1334838639 9
1334838639 23
1334838639 17
1334838639 13
1334838640 7
1334838640 11
1334838640 25
1334838640 17
1334838640 10
1334838640 3
1334838640 3
1334838640 24
1334838640 15
1334838640 8
1334838640 23
1334838640 19
1334838640 25
1334838640 17
1334838640 11
1334838640 17
1334838640 21
1334838640 36
1334838640 18
1334838640 9
1334838640 3
1334838640 4
1334838640 18
1334838640 13
1334838640 12
1334838640 8
1334838640 14
1334838640 24
1334838640 14
1334838640 14
1334838640 6
1334838640 16
1334838640 32
1334838640 25
1334838640 13
1334838640 5
1334838640 7
1334838640 17
1334838640 11
1334838640 12
1334838640 5
1334838640 19
1334838640 31
1334838640 23
1334838640 4
1334838640 10
1334838640 13
1334838640 24
1334838640 12
1334838640 10
1334838640 20
1334838640 16
1334838640 7
1334838640 27
1334838640 22
1334838640 40
1334838640 20
1334838640 16
1334838640 5
1334838640 15
1334838640 32
1334838640 24
1334838640 22
1334838640 1
1334838640 5
1334838640 11
1334838640 10
1334838640 14
1334838640 4
1334838640 11
1334838640 29
1334838640 23
1334838640 9
1334838640 22
1334838640 30
1334838640 23
1334838640 12
1334838640 15
1334838640 3
1334838640 9
1334838640 24
1334838640 18
1334838640 20
1334838640 4
1334838640 8
1334838640 23
1334838640 19
1334838640 21
1334838640 14
1334838640 14
1334838640 42
1334838640 34
1334838640 32
1334838640 12
1334838640 16
1334838640 26
1334838640 14
1334838640 13
1334838640 11
1334838640 16
1334838640 26
1334838640 16
1334838640 16
1334838640 4
1334838640 8
1334838640 23
1334838640 17
1334838640 11
1334838640 13
1334838640 17
1334838640 23
1334838640 12
1334838640 8
1334838640 7
1334838640 11
1334838640 28
1334838640 17
1334838640 19
1334838640 3
1334838640 4
1334838640 9
1334838640 6
1334838640 8
1334838640 3
1334838640 4
1334838640 18
1334838640 12
1334838640 16
1334838641 7
1334838641 7
1334838641 8
1334838641 19
1334838641 11
1334838641 7
1334838641 14
1334838641 27
1334838641 17
1334838641 19
1334838641 9
1334838641 16
1334838641 29
1334838641 20
1334838641 18
1334838641 3
1334838641 9
1334838641 22
1334838641 15
1334838641 13
1334838641 18
1334838641 18
1334838641 31
1334838641 12
1334838641 11
1334838641 12
1334838641 18
1334838641 36
1334838641 26
1334838641 24
1334838641 3
1334838641 5
1334838641 23
1334838641 17
1334838641 17
1334838641 10
1334838641 17
1334838641 32
1334838641 20
1334838641 3
1334838641 3
1334838641 7
1334838641 18
1334838641 8
1334838641 6
1334838641 10
1334838641 14
1334838641 22
1334838641 10
1334838641 10
1334838641 4
1334838641 18
1334838641 22
1334838641 17
1334838641 18
1334838641 16
1334838641 23
1334838641 39
1334838641 24
1334838641 24
1334838641 10
1334838641 11
1334838641 28
1334838641 15
1334838641 4
1334838641 21
1334838641 28
1334838641 23
1334838641 16
1334838641 17
1334838641 19
1334838641 20
1334838641 35
1334838641 19
1334838641 15
1334838641 5
1334838641 13
1334838641 18
1334838641 11
1334838641 6
1334838641 11
1334838641 10
1334838641 22
1334838641 10
1334838641 5
1334838641 7
1334838641 7
1334838641 27
1334838641 19
1334838641 19
1334838641 10
1334838641 14
1334838641 27
1334838641 20
1334838641 7
1334838641 5
1334838641 17
1334838641 35
1334838641 22
1334838641 25
1334838641 12
1334838641 25
1334838641 35
1334838641 28
1334838641 24
1334838641 19
1334838641 5
1334838641 21
1334838641 13
1334838641 10
1334838641 4
1334838641 12
1334838641 47
1334838641 12
1334838641 8
1334838641 3
1334838641 5
1334838641 15
1334838641 7
1334838641 5
1334838641 11
1334838641 14
1334838641 24
1334838641 12
1334838641 13
1334838641 12
1334838641 19
1334838641 24
1334838641 8
1334838641 9
1334838641 5
1334838641 7
1334838641 24
1334838641 18
1334838641 35
1334838642 4
1334838642 5
1334838642 7
1334838642 10
1334838642 23
1334838642 6
1334838642 7
1334838642 21
1334838642 26
1334838642 31
1334838642 6
1334838642 6
1334838642 13
1334838642 20
1334838642 30
1334838642 20
1334838642 8
1334838642 14
1334838642 21
1334838642 48
1334838642 32
1334838642 33
1334838642 9
1334838642 19
1334838642 9
1334838642 16
1334838642 30
1334838642 19
1334838642 11
1334838642 16
1334838642 13
1334838642 31
1334838642 13
1334838642 15
1334838642 17
1334838642 21
1334838642 31
1334838642 15
1334838642 16
1334838642 7
1334838642 13
1334838642 27
1334838642 20
1334838642 21
1334838642 9
1334838642 14
1334838642 28
1334838642 17
1334838642 15
1334838642 8
1334838642 12
1334838642 26
1334838642 16
1334838642 17
1334838642 17
1334838642 22
1334838642 30
1334838642 17
1334838642 14
1334838642 11
1334838642 12
1334838642 24
1334838642 14
1334838642 7
1334838642 9
1334838642 12
1334838642 29
1334838642 16
1334838642 3
1334838642 2
1334838642 3
1334838642 13
1334838642 12
1334838642 22
1334838642 18
1334838642 21
1334838642 30
1334838642 10
1334838642 9
1334838642 14
1334838642 21
1334838642 24
1334838642 12
1334838642 11
1334838642 3
1334838642 5
1334838642 15
1334838642 8
1334838642 7
1334838642 2
1334838642 3
1334838642 21
1334838642 17
1334838642 12
1334838642 13
1334838642 18
1334838642 28
1334838642 22
1334838642 20
1334838642 13
1334838642 17
1334838642 31
1334838642 14
1334838642 9
1334838642 3
1334838642 9
1334838642 21
1334838642 18
1334838642 18
1334838642 4
1334838642 9
1334838642 25
1334838642 18
1334838642 9
1334838642 3
1334838642 4
1334838642 17
1334838642 12
1334838642 12
1334838642 6
1334838642 17
1334838642 32
1334838642 25
1334838642 24
1334838642 17
1334838642 17
1334838642 19
1334838642 9
1334838642 11
1334838642 9
1334838642 14
1334838642 4
1334838642 9
1334838642 22
1334838642 17
1334838642 28
1334838643 31
1334838643 20
1334838643 22
1334838643 12
1334838643 20
1334838643 18
1334838643 11
1334838643 8
1334838643 3
1334838643 4
1334838643 17
1334838643 10
1334838643 9
1334838643 11
1334838643 13
1334838643 14
1334838643 2
1334838643 3
1334838643 1
1334838643 2
1334838643 8
1334838643 7
1334838643 7
1334838643 9
1334838643 9
1334838643 20
1334838643 14
1334838643 7
1334838643 31
1334838643 19
1334838643 14
1334838643 3
1334838643 5
1334838643 13
1334838643 9
1334838643 8
1334838643 3
1334838643 9
1334838643 14
1334838643 10
1334838643 10
1334838643 3
1334838643 7
1334838643 13
1334838643 8
1334838643 8
1334838643 4
1334838643 5
1334838643 15
1334838643 7
1334838643 7
1334838643 6
1334838643 9
1334838643 20
1334838643 5
1334838643 15
1334838643 3
1334838643 9
1334838643 13
1334838643 23
1334838643 14
1334838643 13
1334838643 6
1334838643 12
1334838643 22
1334838643 12
1334838643 8
1334838643 5
1334838643 17
1334838643 23
1334838643 15
1334838643 11
1334838643 9
1334838643 11
1334838643 14
1334838643 4
1334838643 4
1334838643 4
1334838643 4
1334838643 6
1334838643 2
1334838643 2
1334838643 18
1334838643 20
1334838643 22
1334838643 7
1334838643 9
1334838643 13
1334838643 29
1334838643 34
1334838643 22
1334838643 5
1334838643 3
1334838643 2
1334838643 12
1334838643 8
1334838643 9
1334838643 3
1334838643 6
1334838643 20
1334838643 16
1334838643 14
1334838643 10
1334838643 13
1334838643 23
1334838643 10
1334838643 10
1334838643 7
1334838643 12
1334838643 22
1334838643 11
1334838643 8
1334838643 2
1334838643 3
1334838643 29
1334838643 22
1334838643 23
1334838643 33
1334838643 25
1334838643 25
1334838643 6
1334838643 7
1334838643 28
1334838643 20
1334838643 10
1334838644 2
1334838644 4
1334838644 8
1334838644 5
1334838644 6
1334838644 2
1334838644 3
1334838644 7
1334838644 2
1334838644 3
1334838644 3
1334838644 8
1334838644 22
1334838644 16
1334838644 15
1334838644 2
1334838644 2
1334838644 9
1334838644 8
1334838644 13
1334838644 16
1334838644 4
1334838644 6
1334838644 6
1334838644 6
1334838644 10
1334838644 2
1334838644 2
1334838644 2
1334838644 3
1334838644 8
1334838644 2
1334838644 3
1334838644 8
1334838644 11
1334838644 17
1334838644 5
1334838644 6
1334838644 4
1334838644 4
1334838644 10
1334838644 2
1334838644 3
1334838644 13
1334838644 15
1334838644 25
1334838644 12
1334838644 9
1334838644 3
1334838644 3
1334838644 8
1334838644 2
1334838644 3
1334838644 4
1334838644 4
1334838644 8
1334838644 4
1334838644 5
1334838644 2
1334838644 3
1334838644 7
1334838644 4
1334838644 6
1334838644 4
1334838644 3
1334838644 16
1334838644 6
1334838644 6
1334838644 3
1334838644 13
1334838644 10
1334838644 10
1334838644 6
1334838644 7
1334838644 10
1334838644 2
1334838644 3
1334838644 4
1334838644 4
1334838644 13
1334838644 2
1334838644 2
1334838644 2
1334838644 3
1334838644 11
1334838644 4
1334838644 6
1334838644 3
1334838644 4
1334838644 12
1334838644 8
1334838644 7
1334838644 2
1334838644 17
1334838644 19
1334838644 9
1334838644 11
1334838644 4
1334838644 4
1334838644 6
1334838644 2
1334838644 3
1334838644 2
1334838644 3
1334838644 5
1334838644 5
1334838644 6
1334838644 3
1334838644 10
1334838644 12
1334838644 4
1334838644 6
1334838644 4
1334838644 4
1334838644 9
1334838644 2
1334838644 2
1334838644 4
1334838644 4
1334838644 6
1334838644 2
1334838644 7
1334838645 5
1334838645 5
1334838645 10
1334838645 2
1334838645 6
1334838645 2
1334838645 3
1334838645 27
1334838645 23
1334838645 20
1334838645 3
1334838645 3
1334838645 8
1334838645 10
1334838645 24
1334838645 15
1334838645 6
1334838645 2
1334838645 2
1334838645 6
1334838645 4
1334838645 2
1334838645 7
1334838645 5
1334838645 10
1334838645 3
1334838645 3
1334838645 5
1334838645 9
1334838645 17
1334838645 10
1334838645 8
1334838645 6
1334838645 6
1334838645 6
1334838645 9
1334838645 8
1334838645 3
1334838645 3
1334838645 6
1334838645 2
1334838645 2
1334838645 5
1334838645 16
1334838645 13
1334838645 11
1334838645 12
1334838645 10
1334838645 10
1334838645 7
1334838645 3
1334838645 2
1334838645 7
1334838645 9
1334838645 10
1334838645 2
1334838645 4
1334838645 3
1334838645 4
1334838645 13
1334838645 4
1334838645 3
1334838645 5
1334838645 11
1334838645 11
1334838645 4
1334838645 5
1334838645 3
1334838645 5
1334838645 10
1334838645 3
1334838645 6
1334838645 4
1334838645 4
1334838645 10
1334838645 6
1334838645 11
1334838645 7
1334838645 12
1334838645 21
1334838645 14
1334838645 10
1334838645 2
1334838645 3
1334838645 7
1334838645 2
1334838645 3
1334838645 3
1334838645 3
1334838645 6
1334838645 2
1334838645 2
1334838645 4
1334838645 4
1334838645 14
1334838645 6
1334838645 3
1334838645 6
1334838645 6
1334838645 9
1334838645 2
1334838645 4
1334838645 7
1334838645 7
1334838645 6
1334838645 6
1334838645 4
1334838645 3
1334838645 2
1334838645 18
1334838645 2
1334838645 4
1334838645 5
1334838645 13
1334838645 13
1334838645 5
1334838645 7
1334838645 4
1334838645 4
1334838645 11
1334838645 6
1334838645 4
1334838645 5
1334838645 6
1334838645 7
1334838645 1
1334838645 3
1334838646 3
1334838646 3
1334838646 9
1334838646 3
1334838646 4
1334838646 2
1334838646 2
1334838646 39
1334838646 7
1334838646 3
1334838646 4
1334838646 3
1334838646 11
1334838646 2
1334838646 3
1334838646 2
1334838646 5
1334838646 6
1334838646 4
1334838646 5
1334838646 2
1334838646 3
1334838646 2
1334838646 1
1334838646 3
1334838646 2
1334838646 3
1334838646 4
1334838646 3
1334838646 4
1334838646 2
1334838646 3
1334838646 11
1334838646 2
1334838646 3
1334838646 3
1334838646 4
1334838646 11
1334838646 2
1334838646 3
1334838646 4
1334838646 3
1334838646 9
1334838646 4
1334838646 3
1334838646 4
1334838646 3
1334838646 9
1334838646 2
1334838646 5
1334838646 4
1334838646 5
1334838646 39
1334838646 3
1334838646 4
1334838646 6
1334838646 2
1334838646 5
1334838646 2
1334838646 12
1334838646 13
1334838646 10
1334838646 8
1334838646 2
1334838646 2
1334838646 4
1334838646 4
1334838646 5
1334838646 3
1334838646 2
1334838646 3
1334838646 2
1334838646 6
1334838646 3
1334838646 3
1334838646 6
1334838646 8
1334838646 12
1334838646 2
1334838646 2
1334838646 4
1334838646 4
1334838646 14
1334838646 12
1334838646 8
1334838646 3
1334838646 4
1334838646 8
1334838646 2
1334838646 5
1334838647 2
1334838647 3
1334838647 7
1334838647 2
1334838647 3
1334838647 3
1334838647 4
1334838647 4
1334838647 2
1334838647 3
1334838647 2
1334838647 4
1334838647 5
1334838647 2
1334838647 2
1334838647 1
1334838647 7
1334838647 8
1334838647 5
1334838647 6
1334838647 4
1334838647 3
1334838647 7
1334838647 2
1334838647 1
1334838647 2
1334838647 3
1334838647 7
1334838647 2
1334838647 3
1334838647 4
1334838647 3
1334838647 7
1334838647 2
1334838647 3
1334838647 3
1334838647 3
1334838647 7
1334838647 2
1334838647 2
1334838647 2
1334838647 2
1334838647 6
1334838647 1
1334838647 3
1334838647 3
1334838647 4
1334838647 11
1334838647 6
1334838647 7
1334838647 3
1334838647 2
1334838647 9
1334838647 7
1334838647 9
1334838647 3
1334838647 3
1334838647 12
1334838647 2
1334838647 3
1334838647 3
1334838647 4
1334838647 5
1334838647 2
1334838647 3
1334838648 2
1334838648 4
1334838648 3
1334838648 2
1334838648 3
1334838648 2
1334838648 2
1334838648 6
1334838648 2
1334838648 2
1334838648 3
1334838648 3
1334838648 5
1334838648 1
1334838648 2
1334838648 8
1334838648 7
1334838648 4
1334838648 3
1334838648 2
1334838648 1
1334838648 3
1334838648 4
1334838648 3
1334838648 4
1334838648 2
1334838648 3
1334838648 7
1334838648 2
1334838648 3
1334838648 3
1334838648 3
1334838648 9
1334838648 6
1334838648 2
1334838648 1
1334838648 3
1334838648 4
1334838648 3
1334838648 3
1334838648 2
1334838648 3
1334838648 5
1334838648 2
1334838648 2
1334838648 2
1334838648 3
1334838648 8
1334838648 1
1334838648 3
1334838648 2
1334838648 3
1334838648 7
1334838648 2
1334838648 2
1334838648 4
1334838648 5
1334838648 5
1334838648 3
1334838648 2
1334838648 4
1334838648 3
1334838648 7
1334838648 2
1334838648 3
1334838648 4
1334838648 3
1334838648 6
1334838648 3
1334838648 2
1334838649 9
1334838649 8
1334838649 7
1334838649 2
1334838649 2
1334838649 4
1334838649 4
1334838649 2
1334838649 1
1334838649 4
1334838649 3
1334838649 3
1334838649 5
1334838649 2
1334838649 3
1334838649 4
1334838649 3
1334838649 7
1334838649 2
1334838649 3
1334838649 2
1334838649 3
1334838649 5
1334838649 1
1334838649 3
1334838649 3
1334838649 3
1334838649 10
1334838649 7
1334838649 4
1334838649 3
1334838649 4
1334838649 7
1334838649 2
1334838649 2
1334838649 2
1334838649 3
1334838649 5
1334838649 2
1334838649 3
1334838649 2
1334838649 3
1334838649 5
1334838649 2
1334838649 2
1334838649 2
1334838649 4
1334838649 4
1334838649 2
1334838649 3
1334838649 4
1334838649 3
1334838649 9
1334838649 2
1334838649 3
1334838649 4
1334838649 4
1334838649 9
1334838649 1
1334838649 2
1334838649 3
1334838649 4
1334838649 7
1334838649 2
1334838649 3
1334838649 2
1334838649 8
1334838649 9
1334838649 6
1334838649 4
1334838649 2
1334838649 3
1334838649 7
1334838649 2
1334838649 3
1334838649 3
1334838649 3
1334838649 5
1334838649 1
1334838649 2
1334838649 2
1334838649 3
1334838649 5
1334838649 4
1334838649 10
1334838650 3
1334838650 3
1334838650 6
1334838650 2
1334838650 2
1334838650 2
1334838650 4
1334838650 3
1334838650 2
1334838650 3
1334838650 2
1334838650 3
1334838650 11
1334838650 7
1334838650 3
1334838650 4
1334838650 4
1334838650 2
1334838650 2
1334838650 3
1334838650 3
1334838650 4
1334838650 7
1334838650 2
1334838650 2
1334838650 3
1334838650 2
1334838650 9
1334838650 2
1334838650 2
1334838650 5
1334838650 4
1334838650 3
1334838650 3
1334838650 2
1334838650 4
1334838650 3
1334838650 7
1334838650 2
1334838650 2
1334838650 3
1334838650 3
1334838650 5
1334838650 1
1334838650 2
1334838650 3
1334838650 4
1334838650 3
1334838650 2
1334838650 3
1334838650 2
1334838650 2
1334838650 5
1334838650 1
1334838650 2
1334838650 2
1334838650 8
1334838650 10
1334838650 3
1334838650 2
1334838650 3
1334838650 4
1334838650 3
1334838650 1
1334838650 3
1334838650 2
1334838650 3
1334838650 6
1334838650 2
1334838650 3
1334838650 2
1334838650 38
1334838650 4
1334838650 2
1334838650 6
1334838650 2
1334838650 3
1334838650 3
1334838650 1
1334838650 3
1334838651 3
1334838651 4
1334838651 6
1334838651 2
1334838651 3
1334838651 4
1334838651 4
1334838651 7
1334838651 2
1334838651 3
1334838651 4
1334838651 4
1334838651 6
1334838651 3
1334838651 2
1334838651 3
1334838651 4
1334838651 9
1334838651 2
1334838651 3
1334838651 10
1334838651 7
1334838651 6
1334838651 2
1334838651 2
1334838651 2
1334838651 3
1334838651 8
1334838651 3
1334838651 4
1334838651 3
1334838651 9
1334838651 11
1334838651 6
1334838651 3
1334838651 3
1334838651 3
1334838651 5
1334838651 2
1334838651 2
1334838651 2
1334838651 4
1334838651 8
1334838651 2
1334838651 3
1334838651 4
1334838651 3
1334838651 6
1334838651 1
1334838651 2
1334838651 3
1334838651 2
1334838651 6
1334838651 1
1334838651 2
1334838651 4
1334838651 4
1334838651 7
1334838651 3
1334838651 3
1334838651 3
1334838651 5
1334838651 7
1334838651 2
1334838651 3
1334838651 3
1334838651 3
1334838651 8
1334838651 2
1334838651 3
1334838651 4
1334838651 3
1334838651 7
1334838651 1
1334838651 2
1334838651 3
1334838651 3
1334838651 7
1334838651 2
1334838651 8
1334838652 6
1334838652 6
1334838652 10
1334838652 2
1334838652 2
1334838652 2
1334838652 4
1334838652 5
1334838652 2
1334838652 3
1334838652 4
1334838652 3
1334838652 2
1334838652 3
1334838652 2
1334838652 3
1334838652 3
1334838652 9
1334838652 2
1334838652 3
1334838652 2
1334838652 3
1334838652 7
1334838652 2
1334838652 2
1334838652 4
1334838652 4
1334838652 3
1334838652 3
1334838652 2
1334838652 2
1334838652 2
1334838652 6
1334838652 2
1334838652 2
1334838652 4
1334838652 4
1334838652 17
1334838652 7
1334838652 4
1334838652 4
1334838652 3
1334838652 3
1334838652 3
1334838652 2
1334838652 2
1334838652 3
1334838652 10
1334838652 7
1334838652 4
1334838652 3
1334838652 4
1334838652 4
1334838652 2
1334838652 3
1334838652 2
1334838652 3
1334838652 4
1334838652 1
1334838652 2
1334838652 3
1334838652 4
1334838652 8
1334838652 2
1334838652 3
1334838652 5
1334838652 5
1334838652 4
1334838652 3
1334838652 3
1334838652 2
1334838652 3
1334838652 6
1334838652 2
1334838652 3
1334838652 5
1334838652 4
1334838652 4
1334838652 2
1334838652 3
1334838652 3
1334838652 5
1334838652 6
1334838652 2
1334838652 2
1334838652 3
1334838652 5
1334838653 2
1334838653 2
1334838653 4
1334838653 2
1334838653 2
1334838653 2
1334838653 5
1334838653 11
1334838653 9
1334838653 8
1334838653 3
1334838653 3
1334838653 5
1334838653 2
1334838653 2
1334838653 7
1334838653 7
1334838653 73
1334838653 2
1334838653 1
1334838653 1
1334838653 3
1334838653 5
1334838653 3
1334838653 4
1334838653 2
1334838653 3
1334838653 4
1334838653 2
1334838653 3
1334838653 2
1334838653 3
1334838653 5
1334838653 1
1334838653 2
1334838653 3
1334838653 4
1334838653 38
1334838653 2
1334838653 2
1334838653 5
1334838653 4
1334838653 3
1334838653 5
1334838653 2
1334838653 10
1334838653 2
1334838653 3
1334838654 2
1334838654 3
1334838654 90
1334838654 2
1334838654 3
1334838654 2
1334838654 2
1334838654 4
1334838654 2
1334838654 3
1334838658 4
1334838658 3
1334838658 8
1334838658 2
1334838658 3
1334838658 4
1334838658 4
1334838658 7
1334838658 2
1334838658 2
1334838658 2
1334838658 4
1334838658 5
1334838658 3
1334838658 4
1334838658 4
1334838658 5
1334838658 10
1334838658 2
1334838658 2
1334838658 4
1334838658 3
1334838658 6
1334838658 2
1334838658 2
1334838658 5
1334838658 5
1334838658 5
1334838658 3
1334838658 2
1334838658 2
1334838658 3
1334838658 2
1334838658 8
1334838658 12
1334838658 3
1334838658 5
1334838658 7
1334838658 2
1334838658 3
1334838658 2
1334838658 2
1334838658 3
1334838658 3
1334838658 2
1334838658 3
1334838658 3
1334838658 18
1334838658 2
1334838658 2
1334838658 4
1334838658 3
1334838658 2
1334838658 3
1334838658 2
1334838658 2
1334838658 3
1334838658 10
1334838658 8
1334838658 2
1334838658 3
1334838658 4
1334838658 4
1334838658 2
1334838658 3
1334838658 5
1334838658 4
1334838658 3
1334838658 1
1334838658 5
1334838658 2
1334838658 4
1334838658 4
1334838658 3
1334838658 3
1334838659 9
1334838659 8
1334838659 13
1334838659 2
1334838659 2
1334838659 3
1334838659 4
1334838659 2
1334838659 2
1334838659 3
1334838659 2
1334838659 2
1334838659 9
1334838659 4
1334838659 3
1334838659 2
1334838659 2
1334838659 10
1334838659 3
1334838659 3
1334838659 3
1334838659 7
1334838659 47
1334838659 3
1334838659 3
1334838659 2
1334838659 3
1334838659 6
1334838659 2
1334838659 2
1334838659 4
1334838659 5
1334838659 10
1334838659 2
1334838659 2
1334838659 4
1334838659 4
1334838659 2
1334838659 3
1334838659 2
1334838659 2
1334838659 8
1334838659 11
1334838659 4
1334838659 3
1334838659 4
1334838659 4
1334838659 2
1334838659 3
1334838659 2
1334838659 4
1334838659 4
1334838659 10
1334838659 2
1334838659 2
1334838659 3
1334838659 5
1334838659 10
1334838659 2
1334838659 2
1334838660 2
1334838660 3
1334838660 10
1334838660 7
1334838660 4
1334838660 2
1334838660 2
1334838660 5
1334838660 3
1334838660 4
1334838660 3
1334838660 2
1334838660 9
1334838660 1
1334838660 2
1334838660 2
1334838660 2
1334838660 4
1334838660 2
1334838660 3
1334838660 3
1334838660 4
1334838660 4
1334838660 2
1334838660 3
1334838660 4
1334838660 4
1334838660 13
1334838660 2
1334838660 1
1334838660 4
1334838660 4
1334838660 10
1334838660 2
1334838660 2
1334838660 4
1334838660 4
1334838660 10
1334838660 3
1334838660 2
1334838660 6
1334838660 7
1334838660 8
1334838660 3
1334838660 2
1334838660 2
1334838660 3
1334838660 9
1334838660 2
1334838660 2
1334838660 2
1334838660 7
1334838660 11
1334838660 9
1334838660 15
1334838660 5
1334838660 5
1334838660 8
1334838660 2
1334838660 3
1334838660 2
1334838660 2
1334838660 9
1334838660 7
1334838660 7
1334838660 3
1334838660 4
1334838660 4
1334838660 2
1334838660 3
1334838660 4
1334838660 4
1334838660 8
1334838660 2
1334838660 2
1334838661 2
1334838661 2
1334838661 9
1334838661 1
1334838661 3
1334838661 3
1334838661 3
1334838661 10
1334838661 2
1334838661 2
1334838661 3
1334838661 4
1334838661 7
1334838661 3
1334838661 2
1334838661 4
1334838661 4
1334838661 10
1334838661 2
1334838661 2
1334838661 6
1334838661 6
1334838661 4
1334838661 3
1334838661 2
1334838661 2
1334838661 2
1334838661 8
1334838661 2
1334838661 3
1334838661 3
1334838661 3
1334838661 8
1334838661 2
1334838661 2
1334838661 5
1334838661 4
1334838661 10
1334838661 2
1334838661 2
1334838661 3
1334838661 4
1334838661 5
1334838661 2
1334838661 4
1334838661 4
1334838661 4
1334838661 10
1334838661 2
1334838661 2
1334838661 2
1334838661 4
1334838661 4
1334838661 2
1334838661 2
1334838661 3
1334838661 3
1334838661 10
1334838661 2
1334838661 2
1334838661 3
1334838661 2
1334838661 8
1334838661 2
1334838661 3
1334838661 2
1334838661 2
1334838661 9
1334838661 2
1334838661 3
1334838661 3
1334838661 2
1334838661 7
1334838661 2
1334838661 2
1334838662 3
1334838662 10
1334838662 12
1334838662 8
1334838662 7
1334838662 4
1334838662 5
1334838662 2
1334838662 3
1334838662 2
1334838662 4
1334838662 4
1334838662 10
1334838662 3
1334838662 3
1334838662 3
1334838662 4
1334838662 2
1334838662 3
1334838662 2
1334838662 2
1334838662 4
1334838662 5
1334838662 1
1334838662 2
1334838662 4
1334838662 4
1334838662 14
1334838662 6
1334838662 7
1334838662 4
1334838662 3
1334838662 10
1334838662 2
1334838662 2
1334838662 5
1334838662 5
1334838662 4
1334838662 3
1334838662 2
1334838662 2
1334838662 3
1334838662 5
1334838662 2
1334838662 3
1334838662 5
1334838662 5
1334838662 4
1334838662 3
1334838662 2
1334838662 4
1334838662 4
1334838662 2
1334838662 3
1334838662 3
1334838662 4
1334838662 4
1334838662 7
1334838662 2
1334838662 2
1334838662 3
1334838662 4
1334838662 5
1334838662 2
1334838662 2
1334838662 4
1334838662 14
1334838662 12
1334838662 7
1334838662 5
1334838662 2
1334838662 12
1334838662 11
1334838662 7
1334838662 5
1334838663 7
1334838663 8
1334838663 10
1334838663 5
1334838663 9
1334838663 2
1334838663 3
1334838663 8
1334838663 5
1334838663 3
1334838663 4
1334838663 5
1334838663 9
1334838663 2
1334838663 3
1334838663 2
1334838663 3
1334838663 2
1334838663 2
1334838663 4
1334838663 8
1334838663 5
1334838663 7
1334838663 11
1334838663 8
1334838663 3
1334838663 2
1334838663 10
1334838663 1
1334838663 3
1334838663 4
1334838663 4
1334838663 8
1334838663 3
1334838663 2
1334838663 3
1334838663 8
1334838663 8
1334838663 3
1334838663 4
1334838663 6
1334838663 10
1334838663 11
1334838663 6
1334838663 3
1334838663 2
1334838663 2
1334838663 3
1334838663 5
1334838663 7
1334838663 3
1334838663 4
1334838663 16
1334838663 8
1334838663 11
1334838663 3
1334838663 10
1334838663 18
1334838663 2
1334838663 5
1334838663 3
1334838663 4
1334838663 18
1334838663 2
1334838663 2
1334838663 2
1334838663 3
1334838663 8
1334838663 2
1334838663 3
1334838663 3
1334838663 3
1334838663 12
1334838663 2
1334838663 3
1334838663 3
1334838663 3
1334838663 7
1334838663 2
1334838663 2
1334838663 3